 INPUT DATA FILE

 TASK SIZE: 
  10

 Matrix data: 
  0.00  3.45  0.40  9.95  8.39  7.31  4.95  6.76  3.32  4.30
  0.25  8.71  0.85  7.78  0.25  6.66  4.71  0.17  8.92  3.17
  3.53  0.90  5.59  0.20  9.89  7.22  1.23  2.66  7.03  6.04
  6.67  8.88  9.26  1.70  5.86  2.11  5.35  4.61  7.46  1.69
  9.63  7.01  0.76  9.95  7.67  3.08  1.94  8.37  2.59  9.26
  8.38  7.35  9.12  7.54  4.45  2.63  9.68  2.29  6.71  5.36
  3.35  3.00  0.92  2.18  7.10  7.52  5.89  6.24  6.55  5.38
  9.15  0.50  6.38  6.59  7.95  5.50  0.18  0.45  9.35  5.65
  7.96  9.08  8.52  5.39  4.39  6.37  3.14  5.23  9.71  3.70
  8.33  0.98  1.21  4.80  2.09  6.31  5.53  8.10  5.01  4.88

 Vector data :
  1.93  6.03  6.39  4.78  7.47  6.61  9.75  8.89  7.84  9.78

 END OF DATA FILE
